0 0
1 0
2 0
3 0
4 0
5 0
6 0
7 0
8 0
9 0
10 0
11 0
12 0
13 0
14 0
15 0
16 0
17 0
18 0
19 0
20 0
21 0
22 0
23 0
24 0
25 0
26 0
27 0
28 0
29 0
30 0
31 0
32 0
33 0
34 0
35 0
36 0
37 0
38 0
39 0
40 0
41 0
42 0
43 0
44 0
45 0
46 0
47 0
48 0
49 0
50 0
51 0
52 0
53 0
54 0
55 0
56 0
57 0
58 0
59 0
60 0
61 0
62 0
63 0
64 0
65 0
66 0
67 0
68 0
69 0
70 0
71 0
72 0
73 0
74 0
75 0
76 0
77 0
78 0
79 0
80 0
81 0
82 0
83 0
84 0
85 0
86 0
87 0
88 0
89 0
90 0
91 0
92 0
93 0
94 0
95 0
96 0
97 0
98 0
99 0
100 0
101 0
102 0
103 0
104 0
105 0
106 0
107 0
108 0
109 0
110 0
111 0
112 0
113 0
114 0
115 0
116 0
117 0
118 0
119 0
120 0
121 0
122 0
123 0
124 0
125 0
126 0
127 0
128 0
129 0
130 0
131 0
132 0
133 0
134 0
135 0
136 0
137 0
138 0
139 0
140 0
141 0
142 0
143 0
144 0
145 0
146 0
147 0
148 0
149 0
150 0
151 0
152 0
153 0
154 0
155 0
156 0
157 0
158 0
159 0
160 0
161 0
162 0
163 0
164 0
165 0
166 0
167 0
168 0
169 0
170 0
171 0
172 0
173 0
174 0
175 0
176 0
177 0
178 0
179 0
180 0
181 0
182 0
183 0
184 0
185 0
186 0
187 0
188 0
189 0
190 0
191 0
192 0
193 0
194 0
195 0
196 0
197 0
198 0
199 0
200 0
201 0
202 0
203 0
204 0
205 0
206 0
207 0
208 0
209 0
210 0
211 0
212 0
213 0
214 0
215 0
216 0
217 0
218 0
219 0
220 0
221 0
222 0
223 0
224 0
225 0
226 0
227 0
228 0
229 0
230 0
231 0
232 0
233 0
234 0
235 0
236 0
237 0
238 0
239 0
240 0
241 0
242 0
243 0
244 0
245 0
246 0
247 0
248 0
249 0
250 0
251 0
252 0
253 0
254 0
255 0
256 0
257 0
258 0
259 0
260 0
261 0
262 0
263 0
264 0
265 0
266 0
267 0
268 0
269 0
270 0
271 0
272 0
273 0
274 0
275 0
276 0
277 0
278 0
279 0
280 0
281 0
282 0
283 0
284 0
285 0
286 0
287 0
288 0
289 0
290 0
291 0
292 0
293 0
294 0
295 0
296 0
297 0
298 0
299 0
300 0
301 0
302 0
303 0
304 0
305 0
306 0
307 0
308 0
309 0
310 0
311 0
312 0
313 0
314 0
315 0
316 0
317 0
318 0
319 0
320 0
321 0
322 0
323 0
324 0
325 0
326 0
327 0
328 0
329 0
330 0
331 0
332 0
333 0
334 0
335 0
336 0
337 0
338 0
339 0
340 0
341 0
342 0
343 0
344 0
345 0
346 0
347 0
348 0
349 0
350 0
351 0
352 0
353 0
354 0
355 0
356 0
357 0
358 0
359 0
360 0
361 0
362 0
363 0
364 0
365 0
366 0
367 0
368 0
369 0
370 0
371 0
372 0
373 0
374 0
375 0
376 0
377 0
378 0
379 0
380 0
381 0
382 0
383 0
384 0
385 0
386 0
387 0
388 0
389 0
390 0
391 0
392 0
393 0
394 0
395 0
396 0
397 0
398 0
399 0
400 0
401 0
402 0
403 0
404 0
405 0
406 0
407 0
408 0
409 0
410 0
411 0
412 0
413 0
414 0
415 0
416 0
417 0
418 0
419 0
420 0
421 0
422 0
423 0
424 0
425 0
426 0
427 0
428 0
429 0
430 0
431 0
432 0
433 0
434 0
435 0
436 0
437 0
438 0
439 0
440 0
441 0
442 0
443 0
444 0
445 0
446 0
447 0
448 0
449 0
450 0
451 0
452 0
453 0
454 0
455 0
456 0
457 0
458 0
459 0
460 0
461 0
462 0
463 0
464 0
465 0
466 0
467 0
468 0
469 0
470 0
471 0
472 0
473 0
474 0
475 0
476 0
477 0
478 0
479 0
480 0
481 0
482 0
483 0
484 0
485 0
486 0
487 0
488 0
489 0
490 0
491 0
492 0
493 0
494 0
495 0
496 0
497 0
498 0
499 1
499 2
499 3
499 4
499 5
499 6
499 7
499 8
499 9
499 10
499 11
499 12
499 13
499 14
499 15
499 16
499 17
499 18
499 19
499 20
499 21
499 22
499 23
499 24
499 25
499 26
499 27
499 28
499 29
499 30
499 31
499 32
499 33
499 34
499 35
499 36
499 37
499 38
499 39
499 40
499 41
499 42
499 43
499 44
499 45
499 46
499 47
499 48
499 49
499 50
499 51
499 52
499 53
499 54
499 55
499 56
499 57
499 58
499 59
499 60
499 61
499 62
499 63
499 64
499 65
499 66
499 67
499 68
499 69
499 70
499 71
499 72
499 73
499 74
499 75
499 76
499 77
499 78
499 79
499 80
499 81
499 82
499 83
499 84
499 85
499 86
499 87
499 88
499 89
499 90
499 91
499 92
499 93
499 94
499 95
499 96
499 97
499 98
499 99
499 100
499 101
499 102
499 103
499 104
499 105
499 106
499 107
499 108
499 109
499 110
499 111
499 112
499 113
499 114
499 115
499 116
499 117
499 118
499 119
499 120
499 121
499 122
499 123
499 124
499 125
499 126
499 127
499 128
499 129
499 130
499 131
499 132
499 133
499 134
499 135
499 136
499 137
499 138
499 139
499 140
499 141
499 142
499 143
499 144
499 145
499 146
499 147
499 148
499 149
499 150
499 151
499 152
499 153
499 154
499 155
499 156
499 157
499 158
499 159
499 160
499 161
499 162
499 163
499 164
499 165
499 166
499 167
499 168
499 169
499 170
499 171
499 172
499 173
499 174
499 175
499 176
499 177
499 178
499 179
499 180
499 181
499 182
499 183
499 184
499 185
499 186
499 187
499 188
499 189
499 190
499 191
499 192
499 193
499 194
499 195
499 196
499 197
499 198
499 199
499 200
499 201
499 202
499 203
499 204
499 205
499 206
499 207
499 208
499 209
499 210
499 211
499 212
499 213
499 214
499 215
499 216
499 217
499 218
499 219
499 220
499 221
499 222
499 223
499 224
499 225
499 226
499 227
499 228
499 229
499 230
499 231
499 232
499 233
499 234
499 235
499 236
499 237
499 238
499 239
499 240
499 241
499 242
499 243
499 244
499 245
499 246
499 247
499 248
499 249
499 250
499 251
499 252
499 253
499 254
499 255
499 256
499 257
499 258
499 259
499 260
499 261
499 262
499 263
499 264
499 265
499 266
499 267
499 268
499 269
499 270
499 271
499 272
499 273
499 274
499 275
499 276
499 277
499 278
499 279
499 280
499 281
499 282
499 283
499 284
499 285
499 286
499 287
499 288
499 289
499 290
499 291
499 292
499 293
499 294
499 295
499 296
499 297
499 298
499 299
499 300
499 301
499 302
499 303
499 304
499 305
499 306
499 307
499 308
499 309
499 310
499 311
499 312
499 313
499 314
499 315
499 316
499 317
499 318
499 319
499 320
499 321
499 322
499 323
499 324
499 325
499 326
499 327
499 328
499 329
499 330
499 331
499 332
499 333
499 334
499 335
499 336
499 337
499 338
499 339
499 340
499 341
499 342
499 343
499 344
499 345
499 346
499 347
499 348
499 349
499 350
499 351
499 352
499 353
499 354
499 355
499 356
499 357
499 358
499 359
499 360
499 361
499 362
499 363
499 364
499 365
499 366
499 367
499 368
499 369
499 370
499 371
499 372
499 373
499 374
499 375
499 376
499 377
499 378
499 379
499 380
499 381
499 382
499 383
499 384
499 385
499 386
499 387
499 388
499 389
499 390
499 391
499 392
499 393
499 394
499 395
499 396
499 397
499 398
499 399
499 400
499 401
499 402
499 403
499 404
499 405
499 406
499 407
499 408
499 409
499 410
499 411
499 412
499 413
499 414
499 415
499 416
499 417
499 418
499 419
499 420
499 421
499 422
499 423
499 424
499 425
499 426
499 427
499 428
499 429
499 430
499 431
499 432
499 433
499 434
499 435
499 436
499 437
499 438
499 439
499 440
499 441
499 442
499 443
499 444
499 445
499 446
499 447
499 448
499 449
499 450
499 451
499 452
499 453
499 454
499 455
499 456
499 457
499 458
499 459
499 460
499 461
499 462
499 463
499 464
499 465
499 466
499 467
499 468
499 469
499 470
499 471
499 472
499 473
499 474
499 475
499 476
499 477
499 478
499 479
499 480
499 481
499 482
499 483
499 484
499 485
499 486
499 487
499 488
499 489
499 490
499 491
499 492
499 493
499 494
499 495
499 496
499 497
499 498
499 499
998